A: 0.254298791802
T: 0.247123829945
C: 0.234258381098
G: 0.264318997155


AA : 0.0761221418115
AC : 0.053050452568
GT : 0.057070988227
AG : 0.05632873549
CC : 0.0514834745675
TT : 0.0689676501515
CG : 0.0641842436238
GG : 0.06556565844
GC : 0.0745345456795
AT : 0.0688027050989
GA : 0.0671326364405
TG : 0.0782251912332
TA : 0.0447413455393
CA : 0.0663079111771
TC : 0.0551947382528
CT : 0.0522875816993
